0.000	0.077
0.507	0.058
1.008	0.077
1.507	0.036
2.008	0.049
2.509	0.041
3.008	0.043
3.507	0.052
4.008	0.046
4.509	0.068
5.007	0.060
5.507	0.078
6.008	0.049
6.508	0.068
7.007	0.041
7.509	0.036
8.008	0.045
8.507	0.063
9.008	0.056
9.507	0.070
10.009	0.061
10.508	0.063
11.007	0.054
11.507	0.041
12.007	0.054
12.506	0.036
13.006	0.067
13.508	0.049
14.008	0.078
14.509	0.051
15.008	0.081
15.508	0.058
16.007	0.078
16.508	0.055
17.009	0.052
17.507	0.042
18.008	0.047
18.509	0.037
19.008	0.045
19.508	0.047
20.007	0.043
20.508	0.051
21.007	0.046
21.508	0.069
22.008	0.067
22.509	0.077
23.007	0.063
23.509	0.065
24.007	0.055
24.508	0.059
25.008	0.039
25.510	0.061
26.009	0.042
26.509	0.067
27.010	0.045
27.509	0.069
28.007	0.076
28.508	0.060
29.009	0.172
29.509	0.060
30.009	0.063
30.509	0.043
31.010	0.038
31.509	0.039
32.009	0.046
32.508	0.047
33.008	0.050
33.508	0.054
34.008	0.055
34.508	0.054
35.009	0.073
35.509	0.056
36.009	0.073
36.510	0.072
37.009	0.059
37.510	0.074
38.009	0.060
38.509	0.049
39.010	0.051
39.508	0.055
40.008	0.047
40.510	0.050
41.008	0.059
41.509	0.037
42.008	0.058
42.510	0.058
43.009	0.046
43.509	0.064
44.009	0.067
44.509	0.061
45.010	0.072
45.508	0.059
46.009	0.083
46.509	0.076
47.009	0.056
47.509	0.037
48.008	0.045
48.509	0.034
49.008	0.059
49.510	0.046
50.008	0.058
50.509	0.067
51.009	0.059
51.508	0.082
52.010	0.061
52.508	0.052
53.010	0.047
53.508	0.054
54.009	0.061
54.509	0.056
55.010	0.054
55.509	0.073
56.009	0.079
56.509	0.063
57.010	0.045
57.508	0.042
58.009	0.059
58.508	0.047
59.008	0.046
59.508	0.073
60.010	0.063
60.510	0.076
61.009	0.068
61.509	0.045
62.009	0.043
62.509	0.061
63.010	0.046
63.509	0.064
64.010	0.068
64.510	0.067
65.009	0.081
65.509	0.045
66.009	0.054
66.510	0.043
67.010	0.047
67.508	0.038
68.009	0.067
68.509	0.055
69.009	0.056
69.510	0.068
70.009	0.064
70.510	0.039
71.011	0.061
71.510	0.063
72.010	0.054
72.510	0.055
73.010	0.069
73.510	0.079
74.011	0.058
74.509	0.061
75.010	0.058
75.510	0.041
76.010	0.073
76.509	0.064
77.008	0.056
77.510	0.065
78.010	0.069
78.511	0.052
79.010	0.041
79.509	0.064
80.009	0.073
80.509	0.060
81.010	0.060
81.509	0.050
82.010	0.054
82.510	0.056
83.010	0.070
83.511	0.073
84.011	0.069
84.511	0.061
85.011	0.073
85.510	0.059
86.010	0.055
86.510	0.050
87.010	0.059
87.510	0.060
88.011	0.064
88.509	0.059
89.010	0.052
89.512	0.041
90.010	0.045
90.510	0.050
91.012	0.051
91.510	0.059
92.010	0.077
92.510	0.065
93.010	0.050
93.512	0.049
94.011	0.055
94.511	0.061
95.010	0.070
95.512	0.046
96.010	0.051
96.509	0.073
97.011	0.047
97.511	0.056
98.011	0.081
98.510	0.068
99.012	0.043
99.511	0.045
100.010	0.074
100.510	0.072
101.011	0.073
101.511	0.076
102.011	0.060
102.512	0.043
103.010	0.055
103.512	0.052
104.012	0.045
104.511	0.054
105.012	0.076
105.511	0.074
106.011	0.054
106.509	0.052
107.011	0.046
107.512	0.061
108.011	0.058
108.511	0.065
109.012	0.054
109.512	0.046
110.011	0.056
110.512	0.052
111.011	0.063
111.512	0.056
112.012	0.073
112.511	0.060
113.012	0.055
113.511	0.050
114.012	0.063
114.512	0.065
115.011	0.058
115.511	0.042
116.012	0.056
116.512	0.041
117.012	0.076
117.511	0.083
118.012	0.065
118.512	0.061
119.012	0.063
119.514	0.059
120.012	0.077
120.512	0.055
121.011	0.046
121.511	0.047
122.012	0.072
122.511	0.081
123.011	0.083
123.513	0.060
124.011	0.054
124.511	0.063
125.012	0.065
125.511	0.078
126.012	0.085
126.511	0.079
127.012	0.073
127.511	0.049
128.012	0.039
128.511	0.037
129.012	0.050
129.511	0.065
130.012	0.058
130.511	0.072
131.012	0.063
131.512	0.050
132.011	0.052
132.513	0.067
133.012	0.052
133.511	0.054
134.011	0.059
134.513	0.063
135.011	0.065
135.512	0.085
136.012	0.081
136.513	0.060
137.012	0.052
137.512	0.052
138.013	0.060
138.512	0.061
139.012	0.068
139.512	0.076
140.012	0.081
140.512	0.070
141.013	0.067
141.511	0.074
142.014	0.050
142.514	0.047
143.012	0.049
143.513	0.043
144.012	0.064
144.512	0.072
145.012	0.069
145.513	0.072
146.013	0.074
146.513	0.068
147.013	0.063
147.512	0.052
148.012	0.042
148.512	0.047
149.012	0.037
149.512	0.054
150.013	0.054
150.513	0.069
151.012	0.085
151.514	0.081
152.014	0.067
152.512	0.059
153.013	0.056
153.513	0.052
154.013	0.058
154.513	0.059
155.012	0.061
155.513	0.061
156.013	0.068
156.512	0.074
157.014	0.090
157.513	0.073
158.014	0.060
158.513	0.049
159.013	0.064
159.513	0.064
160.012	0.060
160.514	0.063
161.013	0.046
161.513	0.063
162.012	0.067
162.514	0.061
163.012	0.067
163.513	0.087
164.013	0.091
164.513	0.079
165.014	0.081
165.514	0.038
166.013	0.052
166.513	0.042
167.014	0.041
167.514	0.039
168.014	0.042
168.512	0.049
169.014	0.045
169.514	0.051
170.013	0.055
170.513	0.058
171.014	0.078
171.514	0.073
172.014	0.069
172.514	0.061
173.013	0.069
173.514	0.060
174.012	0.041
174.515	0.043
175.014	0.038
175.514	0.070
176.013	0.078
176.514	0.078
177.014	0.072
177.514	0.061
178.014	0.049
178.514	0.067
179.014	0.063
179.513	0.058
180.013	0.042
180.514	0.054
181.013	0.074
181.513	0.077
182.014	0.065
182.514	0.073
183.015	0.086
183.514	0.072
184.013	0.041
184.513	0.039
185.013	0.047
185.513	0.067
186.013	0.055
186.515	0.065
187.014	0.078
187.514	0.073
188.014	0.060
188.513	0.065
189.015	0.068
189.514	0.045
190.013	0.045
190.515	0.049
191.014	0.061
191.513	0.054
192.012	0.042
192.514	0.050
193.015	0.056
193.514	0.079
194.014	0.060
194.514	0.061
195.013	0.058
195.514	0.086
196.013	0.083
196.515	0.061
197.014	0.070
197.514	0.087
198.015	0.077
198.513	0.056
199.014	0.045
199.514	0.043
200.014	0.043
200.515	0.052
201.014	0.060
201.514	0.037
202.014	0.043
202.514	0.065
203.014	0.061
203.516	0.065
204.015	0.070
204.515	0.072
205.014	0.085
205.515	0.082
206.016	0.085
206.514	0.069
207.014	0.060
207.515	0.064
208.016	0.073
208.515	0.061
209.014	0.045
209.513	0.039
210.015	0.054
210.516	0.064
211.015	0.061
211.514	0.076
212.013	0.061
212.515	0.087
213.014	0.069
213.514	0.069
214.015	0.086
214.514	0.088
215.016	0.088
215.515	0.078
216.014	0.070
216.515	0.067
217.013	0.068
217.516	0.058
218.015	0.074
218.515	0.072
219.015	0.060
219.513	0.049
220.016	0.059
220.516	0.051
221.016	0.067
221.515	0.063
222.015	0.051
222.514	0.046
223.015	0.054
223.515	0.060
224.016	0.069
224.516	0.064
225.016	0.043
225.515	0.037
226.016	0.041
226.514	0.052
227.016	0.046
227.516	0.045
228.015	0.051
228.515	0.068
229.014	0.072
229.515	0.054
230.016	0.050
230.515	0.038
231.015	0.056
231.515	0.056
232.015	0.051
232.515	0.042
233.016	0.051
233.515	0.067
234.016	0.052
234.515	0.056
235.017	0.049
235.518	0.056
236.015	0.064
236.516	0.041
237.015	0.046
237.516	0.054
238.015	0.065
238.515	0.045
239.015	0.051
239.517	0.058
240.016	0.070
240.514	0.078
241.015	0.068
241.517	0.073
242.016	0.069
242.515	0.094
243.016	0.086
243.515	0.085
244.017	0.073
244.516	0.079
245.016	0.070
245.516	0.059
246.015	0.067
246.516	0.070
247.014	0.055
247.516	0.083
248.015	0.070
248.516	0.047
249.016	0.054
249.517	0.061
250.015	0.060
250.517	0.049
251.017	0.070
251.517	0.054
252.017	0.054
252.515	0.061
253.016	0.065
253.517	0.052
254.017	0.063
254.516	0.045
255.016	0.059
255.515	0.064
256.016	0.058
256.515	0.070
257.015	0.059
257.516	0.054
258.016	0.063
258.516	0.050
259.016	0.074
259.517	0.096
260.015	0.074
260.517	0.068
261.017	0.087
261.516	0.078
262.017	-0.144
262.518	0.092
263.016	0.086
263.516	0.070
264.017	0.086
264.518	0.090
265.017	0.069
265.516	0.085
266.017	0.082
266.516	0.070
267.017	0.085
267.517	0.072
268.017	0.047
268.517	0.052
269.017	0.073
269.517	0.085
270.018	0.070
270.518	0.050
271.018	0.068
271.517	0.051
272.017	0.050
272.515	0.039
273.017	0.051
273.517	0.063
274.018	0.059
274.518	0.046
275.018	0.047
275.518	0.059
276.018	0.067
276.518	0.056
277.016	0.056
277.517	0.049
278.018	0.074
278.515	0.047
279.016	0.047
279.518	0.060
280.018	0.058
280.517	0.046
281.016	0.052
281.517	0.052
282.019	0.045
282.517	0.051
283.017	0.068
283.518	0.050
284.017	0.067
284.517	0.060
285.016	0.041
285.517	0.078
286.017	0.092
286.518	0.074
287.018	0.092
287.518	0.086
288.018	0.070
288.517	0.092
289.017	0.068
289.518	0.087
290.019	0.087
290.517	0.073
291.017	0.086
291.517	0.072
292.018	0.083
292.518	0.068
293.019	0.091
293.518	0.065
294.017	0.081
294.517	0.060
295.017	0.068
295.517	0.063
296.016	0.058
296.517	0.060
297.018	0.064
297.517	0.049
298.017	0.058
298.517	0.061
299.017	0.054
299.519	0.058
300.018	0.058
300.517	0.078
301.019	0.051
301.518	0.051
302.019	0.081
302.517	0.083
303.017	0.067
303.518	0.092
304.017	0.074
304.518	0.091
305.019	0.074
305.517	0.087
306.018	0.068
306.519	0.085
307.018	0.086
307.519	0.068
308.019	0.091
308.518	0.073
309.018	0.090
309.518	0.073
310.018	0.065
310.519	0.082
311.019	0.064
311.518	0.074
312.018	0.046
312.518	0.050
313.018	0.065
313.519	0.063
314.019	0.060
314.518	0.045
315.019	0.065
315.518	0.055
316.018	0.067
316.518	0.068
317.018	0.054
317.519	0.068
318.019	0.077
318.520	0.052
319.019	0.077
319.518	0.087
320.018	0.092
320.519	0.081
321.018	0.088
321.518	0.077
322.018	0.099
322.518	0.081
323.019	0.073
323.518	0.076
324.018	0.095
324.519	0.061
325.019	0.076
325.520	0.085
326.018	0.070
326.518	0.099
327.018	0.073
327.518	0.058
328.020	0.088
328.518	0.055
329.018	0.091
329.518	0.060
330.018	0.050
330.520	0.068
331.018	0.059
331.520	0.060
332.018	0.063
332.518	0.055
333.019	0.072
333.519	0.077
334.020	0.064
334.518	0.083
335.019	0.051
335.518	0.069
336.019	0.054
336.518	0.069
337.020	0.068
337.518	0.078
338.019	0.051
338.519	0.070
339.020	0.072
339.520	0.074
340.019	0.063
340.519	0.081
341.020	0.061
341.520	0.064
342.019	0.061
342.520	0.072
343.019	0.054
343.519	0.094
344.020	0.058
344.520	0.096
345.018	0.074
345.519	0.099
346.020	0.076
346.519	0.086
347.020	0.079
347.519	0.087
348.020	0.081
348.520	0.092
349.020	0.082
349.519	0.091
350.020	0.081
350.518	0.088
351.019	0.081
351.521	0.060
352.020	0.073
352.520	0.051
353.019	0.050
353.520	0.077
354.019	0.046
354.520	0.087
355.020	0.055
355.520	0.081
356.020	0.098
356.520	0.064
357.020	0.090
357.520	0.077
358.019	0.060
358.520	0.069
359.021	0.050
359.520	0.081
360.020	0.063
360.521	0.078
361.019	0.090
361.520	0.086
362.021	0.081
362.520	0.091
363.020	0.090
363.519	0.077
364.019	0.083
364.519	0.064
365.021	0.063
365.519	0.065
366.020	0.059
366.519	0.068
367.021	0.058
367.520	0.069
368.019	0.061
368.519	0.064
369.025	0.079
369.521	0.064
370.020	0.082
370.521	0.072
371.022	0.076
371.520	0.096
372.021	0.083
372.520	0.068
373.021	0.081
373.521	0.052
374.021	0.073
374.521	0.059
375.020	0.049
375.521	0.068
376.019	0.074
376.521	0.079
377.021	0.065
377.521	0.099
378.021	0.087
378.520	0.088
379.022	0.061
379.520	0.077
380.021	0.069
380.521	0.059
381.020	0.050
381.521	0.067
382.020	0.061
382.522	0.052
383.022	0.068
383.520	0.094
384.022	0.064
384.521	0.078
385.021	0.098
385.521	0.090
386.021	0.085
386.520	0.109
387.020	0.069
387.521	0.069
388.021	0.064
388.521	0.072
389.020	0.078
389.522	0.060
390.022	0.079
390.523	0.069
391.021	0.076
391.521	0.096
392.021	0.076
392.520	0.090
393.021	0.100
393.522	0.082
394.021	0.083
394.522	0.096
395.021	0.103
395.521	0.081
396.021	0.064
396.521	0.074
397.022	0.061
397.522	0.076
398.021	0.073
398.521	0.067
399.021	0.076
399.522	0.055
400.021	0.065
400.522	0.061
401.022	0.086
401.522	0.061
402.022	0.078
402.521	0.086
403.021	0.096
403.522	0.081
404.020	0.096
404.521	0.085
405.022	0.087
405.521	0.090
406.023	0.074
406.521	0.069
407.022	0.065
407.522	0.068
408.021	0.054
408.522	0.092
409.021	0.074
409.522	0.067
410.022	0.086
410.521	0.081
411.023	0.094
411.523	0.082
412.023	0.091
412.522	0.103
413.022	0.085
413.522	0.078
414.022	0.067
414.521	0.067
415.022	0.063
415.522	0.059
416.022	0.069
416.522	0.049
417.022	0.073
417.524	0.068
418.021	0.064
418.522	0.073
419.022	0.081
419.522	0.088
420.021	0.098
420.520	0.078
421.022	0.088
421.522	0.085
422.022	0.079
422.523	0.094
423.022	0.100
423.522	0.073
424.023	0.098
424.522	0.104
425.021	0.092
425.522	0.090
426.021	0.079
426.522	0.078
427.023	0.100
427.523	0.098
428.022	0.087
428.524	0.073
429.023	0.079
429.522	0.088
430.023	0.096
430.522	0.068
431.022	0.083
431.522	0.090
432.023	0.076
432.522	0.059
433.022	0.050
433.524	0.082
434.022	0.061
434.522	0.069
435.024	0.098
435.522	0.063
436.022	0.072
436.524	0.073
437.022	0.061
437.524	0.067
438.022	0.061
438.522	0.061
439.023	0.059
439.523	0.079
440.023	0.104
440.522	0.104
441.022	0.090
441.522	0.085
442.023	0.078
442.523	0.088
443.022	0.100
443.524	0.098
444.023	0.078
444.522	0.081
445.024	0.094
445.523	0.095
446.024	0.072
446.522	0.087
447.024	0.081
447.523	0.077
448.024	0.074
448.522	0.086
449.023	0.079
449.523	0.070
450.024	0.074
450.524	0.094
451.024	0.079
451.523	0.096
452.024	0.095
452.523	0.092
453.024	0.070
453.524	0.072
454.023	0.076
454.524	0.073
455.024	0.079
455.523	0.085
456.023	0.083
456.524	0.085
457.023	0.090
457.523	0.081
458.025	0.082
458.523	0.076
459.024	0.065
459.523	0.061
460.023	0.077
460.523	0.083
461.024	0.078
461.523	0.061
462.024	0.068
462.524	0.063
463.022	0.079
463.523	0.073
464.023	0.082
464.523	0.076
465.024	0.083
465.523	0.078
466.023	0.073
466.525	0.074
467.024	0.073
467.522	0.070
468.025	0.067
468.522	0.058
469.022	0.063
469.524	0.060
470.023	0.059
470.525	0.072
471.023	0.067
471.524	0.074
472.024	0.077
472.523	0.077
473.024	0.070
473.524	0.092
474.023	0.090
474.524	0.092
475.023	0.086
475.524	0.101
476.023	0.088
476.524	0.047
477.023	0.081
477.524	0.094
478.023	0.100
478.524	0.112
479.023	0.085
479.529	0.085
480.025	0.078
480.525	0.094
481.024	0.096
481.525	0.101
482.025	0.103
482.524	0.104
483.024	0.110
483.523	0.105
484.025	0.076
484.524	0.056
485.023	0.064
485.524	0.055
486.023	0.060
486.524	0.064
487.024	0.077
487.524	0.070
488.023	0.082
488.525	0.073
489.025	0.082
489.525	0.050
490.025	0.055
490.525	0.060
491.025	0.054
491.524	0.056
492.025	0.065
492.525	0.072
493.025	0.061
493.525	0.065
494.023	0.047
494.525	0.067
495.023	0.061
495.523	0.061
496.024	0.072
496.525	0.055
497.025	0.094
497.525	0.063
498.025	0.078
498.525	0.085
499.027	0.092
499.526	0.060
500.025	0.079
500.526	0.069
501.026	0.078
501.525	0.072
502.025	0.069
502.525	0.065
503.025	0.064
503.527	0.055
504.023	0.049
504.526	0.052
505.025	0.059
505.525	0.055
506.026	0.078
506.525	0.076
507.026	0.082
507.526	0.081
508.026	0.074
508.526	0.058
509.026	0.060
509.525	0.070
510.026	0.073
510.526	0.064
511.024	0.088
511.525	0.058
512.025	0.070
512.525	0.088
513.026	0.073
513.527	0.067
514.026	0.061
514.526	0.064
515.025	0.081
515.525	0.074
516.026	0.070
516.526	0.056
517.025	0.061
517.526	0.067
518.026	0.058
518.525	0.056
519.026	0.070
519.525	0.065
520.027	0.073
520.526	0.094
521.027	0.090
521.526	0.082
522.025	0.065
522.526	0.094
523.027	0.081
523.527	0.081
524.025	0.095
524.525	0.086
525.025	0.092
525.525	0.072
526.026	0.086
526.525	0.098
527.026	0.113
527.525	0.113
528.025	0.094
528.526	0.094
529.025	0.110
529.526	0.107
530.025	0.090
530.526	0.091
531.027	0.107
531.525	0.107
532.026	0.108
532.525	0.109
533.026	0.114
533.525	0.110
534.026	0.116
534.526	0.105
535.028	0.107
535.526	0.112
536.027	0.101
536.527	0.088
537.026	0.094
537.527	0.100
538.026	0.096
538.525	0.094
539.026	0.113
539.526	0.110
540.027	0.109
540.528	0.107
541.027	0.091
541.527	0.090
542.027	0.091
542.527	0.096
543.026	0.090
543.526	0.073
544.026	0.079
544.527	0.086
545.027	0.081
545.528	0.072
546.026	0.061
546.526	0.083
547.026	0.079
547.527	0.083
548.026	0.076
548.527	0.098
549.028	0.099
549.526	0.119
550.026	0.117
550.528	0.107
551.027	0.096
551.527	0.090
552.029	0.081
552.528	0.101
553.026	0.070
553.526	0.079
554.026	0.068
554.527	0.074
555.028	0.067
555.527	0.088
556.027	0.095
556.528	0.095
557.028	0.104
557.527	0.104
558.028	0.095
558.527	0.095
559.027	0.086
559.528	0.092
560.026	0.092
560.528	0.099
561.027	0.092
561.528	0.077
562.028	0.061
562.527	0.065
563.029	0.063
563.527	0.081
564.026	0.095
564.527	0.079
565.027	0.110
565.527	0.119
566.028	0.112
566.528	0.123
567.028	0.116
567.526	0.109
568.027	0.101
568.527	0.091
569.028	0.091
569.527	0.085
570.029	0.085
570.526	0.090
571.027	0.096
571.528	0.104
572.028	0.117
572.528	0.104
573.028	0.112
573.528	0.107
574.027	0.100
574.528	0.050
575.029	0.076
575.527	0.067
576.028	0.065
576.527	0.074
577.027	0.077
577.527	0.074
578.029	0.078
578.529	0.099
579.028	0.104
579.529	0.103
580.028	0.108
580.527	0.110
581.029	0.094
581.527	0.095
582.027	0.094
582.528	0.119
583.028	0.098
583.527	0.088
584.028	0.087
584.529	0.099
585.029	0.063
585.527	0.068
586.027	0.095
586.528	0.085
587.028	0.070
587.528	0.070
588.027	0.090
588.529	0.082
589.028	0.082
589.527	0.094
590.027	0.081
590.527	0.085
591.029	0.118
591.529	0.098
592.029	0.118
592.529	0.107
593.028	0.108
593.527	0.117
594.028	0.100
594.529	0.109
595.027	0.092
595.528	0.101
596.029	0.099
596.529	0.094
597.028	0.077
597.529	0.073
598.029	0.078
598.527	0.068
599.029	0.095
599.528	0.079
600.029	0.086
600.527	0.085
601.027	0.119
601.528	0.113
602.029	0.112
602.530	0.125
603.030	0.099
603.528	0.116
604.030	0.109
604.529	0.100
605.029	0.104
605.529	0.096
606.028	0.087
606.530	0.094
607.028	0.094
607.530	0.096
608.028	0.088
608.528	0.108
609.029	0.068
609.528	0.076
610.029	0.092
610.530	0.076
611.028	0.076
611.530	0.082
612.029	0.079
612.530	0.074
613.030	0.083
613.529	0.085
614.028	0.092
614.529	0.107
615.028	0.077
615.529	0.076
616.030	0.095
616.529	0.081
617.028	0.086
617.529	0.077
618.029	0.098
618.528	0.098
619.029	0.088
619.528	0.085
620.030	0.081
620.530	0.090
621.029	0.098
621.530	0.079
622.029	0.116
622.530	0.092
623.030	0.078
623.528	0.085
624.030	0.091
624.529	0.081
625.030	0.081
625.530	0.079
626.030	0.065
626.529	0.088
627.030	0.076
627.530	0.095
628.029	0.079
628.528	0.099
629.029	0.087
629.530	0.082
630.030	0.092
630.531	0.077
631.031	0.074
631.530	0.077
632.030	0.086
632.529	0.076
633.029	0.076
633.529	0.091
634.030	0.085
634.530	0.087
635.029	0.085
635.530	0.098
636.029	0.095
636.531	0.083
637.028	0.096
637.529	0.114
638.031	0.119
638.530	0.098
639.030	0.105
639.530	0.094
640.030	0.110
640.531	0.103
641.032	0.101
641.531	0.118
642.031	0.104
642.530	0.125
643.029	0.104
643.530	0.122
644.031	0.126
644.531	0.108
645.031	0.113
645.530	0.131
646.030	0.128
646.531	0.114
647.030	0.113
647.531	0.109
648.030	0.220
648.531	0.127
649.031	0.122
649.530	0.114
650.031	0.110
650.530	0.119
651.030	0.113
651.530	0.127
652.030	0.105
652.531	0.130
653.032	0.091
653.530	0.103
654.030	0.085
654.529	0.073
655.031	0.079
655.529	0.113
656.031	0.094
656.529	0.092
657.030	0.086
657.530	0.086
658.029	0.085
658.531	0.074
659.030	0.081
659.530	0.060
660.031	0.096
660.531	0.086
661.032	0.058
661.529	0.082
662.031	0.074
662.531	0.092
663.031	0.077
663.532	0.086
664.030	0.077
664.532	0.091
665.032	0.079
665.531	0.087
666.031	0.067
666.530	0.096
667.030	0.070
667.531	0.091
668.031	0.078
668.530	0.096
669.030	0.067
669.531	0.096
670.031	0.074
670.531	0.076
671.031	0.078
671.531	0.087
672.031	0.088
672.531	0.064
673.031	0.079
673.530	0.085
674.031	0.101
674.532	0.091
675.032	0.079
675.530	0.085
676.031	0.087
676.531	0.090
677.031	0.086
677.531	0.107
678.031	0.127
678.530	0.114
679.030	0.131
679.531	0.117
680.030	0.130
680.532	0.110
681.032	0.134
681.531	0.108
682.032	0.130
682.531	0.113
683.031	0.091
683.531	0.113
684.031	0.110
684.532	0.117
685.031	0.087
685.531	0.070
686.031	0.116
686.531	0.087
687.033	0.082
687.532	0.098
688.031	0.079
688.532	0.079
689.032	0.086
689.532	0.079
690.032	0.114
690.531	0.130
691.032	0.132
691.531	0.114
692.033	0.136
692.531	0.114
693.033	0.107
693.532	0.130
694.031	0.091
694.533	0.127
695.031	0.087
695.532	0.107
696.032	0.074
696.532	0.086
697.032	0.099
697.532	0.077
698.032	0.114
698.532	0.078
699.032	0.134
699.531	0.110
700.032	0.121
700.533	0.140
701.032	0.118
701.532	0.131
702.032	0.110
702.531	0.132
703.032	0.094
703.534	0.128
704.032	0.104
704.532	0.096
705.032	0.099
705.532	0.101
706.032	0.079
706.533	0.094
707.033	0.095
707.533	0.087
708.033	0.086
708.532	0.110
709.033	0.081
709.532	0.103
710.032	0.081
710.533	0.110
711.033	0.116
711.534	0.130
712.033	0.125
712.533	0.125
713.033	0.140
713.534	0.119
714.032	0.139
714.533	0.118
715.032	0.139
715.533	0.117
716.033	0.139
716.532	0.113
717.033	0.136
717.533	0.117
718.033	0.141
718.532	0.121
719.033	0.130
719.532	0.134
720.034	0.125
720.533	0.131
721.033	0.126
721.534	0.116
722.034	0.078
722.533	0.074
723.032	0.095
723.531	0.105
724.032	0.101
724.533	0.109
725.034	0.098
725.533	0.116
726.034	0.072
726.533	0.101
727.033	0.099
727.533	0.103
728.032	0.088
728.533	0.082
729.034	0.096
729.532	0.096
730.033	0.135
730.534	0.081
731.032	0.090
731.534	0.086
732.034	0.110
732.533	0.087
733.033	0.135
733.533	0.119
734.032	0.117
734.532	0.098
735.034	0.108
735.532	0.121
736.033	0.109
736.533	0.130
737.034	0.123
737.533	0.130
738.033	0.107
738.532	0.128
739.032	0.119
739.534	0.121
740.032	0.136
740.532	0.136
741.033	0.114
741.533	0.132
742.034	0.126
742.533	0.126
743.034	0.139
743.533	0.132
744.034	0.117
744.534	0.141
745.034	0.135
745.533	0.128
746.034	0.121
746.532	0.134
747.032	0.127
747.534	0.109
748.034	0.141
748.533	0.127
749.034	0.119
749.533	0.128
750.033	0.118
750.533	0.127
751.033	0.122
751.534	0.090
752.034	0.128
752.533	0.108
753.035	0.112
753.533	0.135
754.035	0.116
754.534	0.130
755.034	0.091
755.533	0.092
756.035	0.109
756.533	0.077
757.034	0.104
757.533	0.108
758.034	0.082
758.534	0.104
759.034	0.103
759.534	0.099
760.035	0.109
760.535	0.095
761.033	0.103
761.533	0.137
762.034	0.134
762.534	0.149
763.035	0.130
763.535	0.135
764.033	0.140
764.535	0.130
765.034	0.145
765.534	0.109
766.034	0.119
766.534	0.128
767.034	0.110
767.534	0.117
768.034	0.091
768.534	0.107
769.035	0.092
769.535	0.109
770.033	0.088
770.535	0.092
771.034	0.098
771.536	0.112
772.035	0.086
772.535	0.098
773.035	0.127
773.535	0.126
774.035	0.152
774.535	0.136
775.035	0.141
775.534	0.140
776.035	0.149
776.535	0.134
777.034	0.141
777.534	0.152
778.035	0.126
778.535	0.150
779.036	0.118
779.534	0.134
780.035	0.113
780.535	0.104
781.035	0.127
781.535	0.101
782.036	0.135
782.534	0.101
783.035	0.113
783.535	0.088
784.035	0.105
784.535	0.114
785.034	0.096
785.535	0.098
786.035	0.132
786.534	0.088
787.035	0.122
787.534	0.100
788.035	0.130
788.535	0.130
789.035	0.154
789.535	0.139
790.034	0.152
790.535	0.140
791.035	0.158
791.534	0.126
792.037	0.143
792.534	0.144
793.035	0.149
793.536	0.130
794.035	0.144
794.535	0.136
795.036	0.122
795.536	0.140
796.036	0.135
796.535	0.125
797.036	0.132
797.536	0.144
798.035	0.100
798.536	0.103
799.036	0.086
799.535	0.126
800.035	0.103
800.536	0.121
801.035	0.095
801.535	0.123
802.036	0.107
802.535	0.113
803.036	0.092
803.536	0.126
804.036	0.144
804.535	0.144
805.036	0.139
805.536	0.136
806.035	0.153
806.537	0.139
807.036	0.137
807.537	0.137
808.036	0.110
808.535	0.140
809.035	0.144
809.534	0.146
810.036	0.131
810.539	0.125
811.036	0.118
811.535	0.107
812.035	0.099
812.536	0.109
813.036	0.104
813.536	0.121
814.037	0.116
814.535	0.107
815.036	0.117
815.536	0.150
816.036	0.143
816.536	0.167
817.035	0.139
817.536	0.158
818.036	0.141
818.536	0.132
819.036	0.141
819.537	0.087
820.035	0.130
820.535	0.141
821.037	0.114
821.536	0.121
822.037	0.105
822.535	0.094
823.035	0.099
823.537	0.116
824.037	0.128
824.537	0.109
825.036	0.118
825.537	0.148
826.037	0.144
826.537	0.153
827.036	0.141
827.538	0.137
828.037	0.135
828.536	0.162
829.036	0.134
829.537	0.141
830.037	0.132
830.537	0.118
831.036	0.117
831.537	0.100
832.036	0.107
832.537	0.116
833.036	0.099
833.536	0.131
834.037	0.112
834.538	0.123
835.036	0.119
835.537	0.134
836.037	0.168
836.536	0.145
837.037	0.143
837.537	0.154
838.036	0.163
838.538	0.166
839.037	0.148
839.537	0.141
840.037	0.137
840.536	0.143
841.036	0.135
841.536	0.148
842.036	0.162
842.537	0.166
843.038	0.166
843.537	0.168
844.036	0.131
844.537	0.113
845.037	0.112
845.538	0.095
846.037	0.126
846.538	0.131
847.037	0.139
847.538	0.130
848.037	0.132
848.537	0.118
849.038	0.117
849.537	0.109
850.037	0.127
850.537	0.134
851.038	0.128
851.537	0.146
852.038	0.107
852.537	0.153
853.038	0.145
853.536	0.152
854.038	0.159
854.538	0.167
855.037	0.157
855.538	0.146
856.037	0.166
856.538	0.136
857.037	0.101
857.538	0.146
858.038	0.114
858.537	0.113
859.038	0.112
859.538	0.092
860.036	0.137
860.538	0.116
861.038	0.125
861.539	0.119
862.038	0.099
862.537	0.110
863.039	0.139
863.537	0.139
864.039	0.132
864.537	0.153
865.037	0.126
865.538	0.143
866.039	0.128
866.538	0.158
867.037	0.139
867.537	0.131
868.038	0.116
868.537	0.136
869.037	0.145
869.539	0.116
870.038	0.112
870.537	0.135
871.037	0.128
871.538	0.144
872.039	0.131
872.538	0.116
873.039	0.145
873.539	0.127
874.037	0.146
874.537	0.132
875.038	0.156
875.540	0.175
876.039	0.135
876.539	0.125
877.037	0.148
877.539	0.130
878.038	0.078
878.538	0.119
879.037	0.146
879.537	0.087
880.038	0.156
880.538	0.156
881.039	0.141
881.538	0.140
882.038	0.159
882.537	0.175
883.038	0.136
883.538	0.154
884.038	0.150
884.538	0.167
885.038	0.148
885.539	0.162
886.038	0.162
886.539	0.166
887.039	0.145
887.539	0.179
888.039	0.161
888.539	0.177
889.037	0.165
889.540	0.162
890.039	0.163
890.539	0.170
891.038	0.183
891.538	0.186
892.038	0.168
892.537	0.150
893.038	0.177
893.539	0.150
894.039	0.126
894.537	0.156
895.039	0.156
895.539	0.118
896.039	0.114
896.539	0.136
897.039	0.114
897.539	0.128
898.038	0.149
898.540	0.123
899.039	0.140
899.538	0.122
900.040	0.132
900.539	0.127
901.039	0.134
901.539	0.139
902.039	0.118
902.539	0.135
903.038	0.161
903.540	0.144
904.038	0.132
904.539	0.137
905.040	0.118
905.539	0.143
906.039	0.158
906.540	0.128
907.039	0.145
907.540	0.144
908.038	0.153
908.539	0.163
909.038	0.177
909.538	0.154
910.040	0.153
910.541	0.170
911.038	0.145
911.538	0.171
912.040	0.168
912.541	0.183
913.039	0.194
913.538	0.184
914.040	0.172
914.539	0.175
915.039	0.157
915.540	0.148
916.040	0.154
916.538	0.131
917.040	0.126
917.539	0.109
918.039	0.139
918.540	0.157
919.040	0.170
919.539	0.146
920.039	0.176
920.540	0.181
921.040	0.184
921.539	0.201
922.039	0.154
922.538	0.149
923.041	0.148
923.540	0.121
924.038	0.148
924.539	0.125
925.040	0.141
925.540	0.154
926.041	0.152
926.539	0.156
927.039	0.154
927.541	0.166
928.040	0.177
928.539	0.177
929.041	0.185
929.539	0.193
930.039	0.198
930.541	0.179
931.040	0.179
931.540	0.180
932.039	0.143
932.539	0.131
933.040	0.157
933.540	0.154
934.041	0.146
934.540	0.130
935.040	0.140
935.541	0.132
936.039	0.141
936.541	0.118
937.041	0.128
937.540	0.184
938.040	0.136
938.539	0.168
939.042	0.165
939.540	0.183
940.042	0.192
940.541	0.168
941.041	0.179
941.542	0.201
942.042	0.185
942.541	0.179
943.042	0.194
943.542	0.198
944.040	0.206
944.542	0.139
945.040	0.141
945.540	0.140
946.041	0.156
946.541	0.154
947.040	0.141
947.540	0.150
948.041	0.168
948.541	0.175
949.042	0.195
949.542	0.192
950.042	0.198
950.541	0.207
951.040	0.206
951.542	0.195
952.041	0.189
952.543	0.130
953.041	0.130
953.542	0.145
954.042	0.154
954.541	0.153
955.042	0.170
955.542	0.165
956.041	0.174
956.540	0.166
957.042	0.190
957.541	0.206
958.042	0.207
958.542	0.212
959.042	0.219
959.542	0.207
960.039	0.206
960.541	0.145
961.042	0.170
961.540	0.148
962.041	0.167
962.541	0.150
963.042	0.170
963.542	0.174
964.041	0.165
964.542	0.198
965.041	0.190
965.541	0.205
966.041	0.205
966.540	0.207
967.042	0.202
967.542	0.141
968.042	0.146
968.541	0.175
969.041	0.161
969.541	0.158
970.042	0.127
970.541	0.166
971.042	0.177
971.541	0.188
972.041	0.198
972.542	0.202
973.041	0.195
973.542	0.211
974.042	0.211
974.541	0.219
975.042	0.219
975.541	0.212
976.041	0.207
976.542	0.215
977.041	0.175
977.542	0.179
978.042	0.135
978.541	0.181
979.041	0.159
979.542	0.152
980.042	0.150
980.542	0.165
981.042	0.163
981.542	0.152
982.042	0.197
982.542	0.176
983.043	0.194
983.542	0.175
984.042	0.194
984.542	0.208
985.042	0.212
985.542	0.202
986.040	0.205
986.543	0.205
987.042	0.214
987.543	0.226
988.042	0.229
988.543	0.226
989.044	0.226
989.542	0.174
990.042	0.185
990.543	0.180
991.042	0.177
991.543	0.181
992.042	0.181
992.542	0.149
993.042	0.167
993.541	0.162
994.042	0.171
994.542	0.168
995.042	0.161
995.542	0.150
996.043	0.171
996.543	0.150
997.042	0.179
997.542	0.161
998.043	0.159
998.542	0.165
999.043	0.168
999.542	0.184
1000.042	0.167
1000.542	0.197
1001.043	0.172
1001.544	0.179
1002.042	0.171
1002.542	0.174
1003.042	0.179
1003.542	0.188
1004.041	0.189
1004.542	0.201
1005.043	0.205
1005.543	0.185
1006.042	0.220
1006.542	0.221
1007.043	0.241
1007.541	0.238
1008.042	0.238
1008.544	0.221
1009.043	0.233
1009.544	0.235
1010.044	0.238
1010.542	0.238
1011.043	0.255
1011.542	0.225
1012.044	0.217
1012.543	0.221
1013.043	0.233
1013.544	0.247
1014.044	0.237
1014.544	0.241
1015.044	0.239
1015.543	0.221
1016.043	0.229
1016.544	0.226
1017.044	0.221
1017.544	0.234
1018.044	0.242
1018.543	0.244
1019.042	0.241
1019.544	0.234
1020.042	0.220
1020.544	0.225
1021.044	0.219
1021.544	0.252
1022.042	0.244
1022.544	0.244
1023.044	0.250
1023.543	0.244
1024.044	0.251
1024.544	0.241
1025.044	0.251
1025.544	0.242
1026.044	0.237
1026.544	0.234
1027.042	0.220
1027.545	0.243
1028.043	0.255
1028.544	0.248
1029.042	0.251
1029.544	0.263
1030.043	0.255
1030.544	0.246
1031.043	0.232
1031.544	0.239
1032.043	0.244
1032.544	0.221
1033.043	0.232
1033.544	0.229
1034.044	0.223
1034.544	0.201
1035.044	0.223
1035.544	0.228
1036.045	0.228
1036.544	0.234
1037.044	0.211
1037.544	0.188
1038.044	0.179
1038.544	0.216
1039.044	0.219
1039.543	0.202
1040.043	0.205
1040.544	0.215
1041.043	0.224
1041.544	0.215
1042.044	0.250
1042.544	0.263
1043.044	0.254
1043.542	0.277
1044.045	0.269
1044.544	0.268
1045.043	0.234
1045.544	0.250
1046.043	0.228
1046.543	0.251
1047.044	0.215
1047.544	0.212
1048.045	0.211
1048.544	0.215
1049.043	0.220
1049.545	0.246
1050.043	0.175
1050.544	0.203
1051.044	0.282
1051.545	0.286
1052.045	0.286
1052.545	0.273
1053.044	0.265
1053.545	0.278
1054.045	0.278
1054.545	0.235
1055.044	0.237
1055.545	0.217
1056.045	0.239
1056.545	0.238
1057.043	0.248
1057.543	0.239
1058.044	0.235
1058.544	0.235
1059.044	0.230
1059.544	0.252
1060.044	0.241
1060.544	0.237
1061.046	0.284
1061.545	0.301
1062.043	0.304
1062.546	0.301
1063.045	0.295
1063.545	0.286
1064.046	0.293
1064.544	0.304
1065.046	0.291
1065.545	0.272
1066.045	0.299
1066.545	0.287
1067.045	0.264
1067.545	0.306
1068.046	0.273
1068.546	0.270
1069.046	0.235
1069.544	0.286
1070.044	0.254
1070.545	0.261
1071.046	0.277
1071.544	0.259
1072.046	0.287
1072.546	0.259
1073.045	0.283
1073.545	0.252
1074.045	0.333
1074.545	0.328
1075.044	0.361
1075.546	0.355
1076.044	0.346
1076.546	0.346
1077.046	0.327
1077.545	0.327
1078.045	0.339
1078.545	0.321
1079.045	0.355
1079.546	0.332
1080.046	0.331
1080.545	0.344
1081.044	0.326
1081.546	0.324
1082.044	0.326
1082.546	0.314
1083.046	0.324
1083.545	0.312
1084.045	0.346
1084.545	0.348
1085.047	0.384
1085.545	0.375
1086.046	0.340
1086.547	0.434
1087.045	0.437
1087.545	0.416
1088.045	0.426
1088.546	0.446
1089.045	0.435
1089.547	0.447
1090.044	0.446
1090.546	0.455
1091.046	0.444
1091.545	0.451
1092.046	0.434
1092.546	0.446
1093.046	0.431
1093.546	0.470
1094.046	0.425
1094.546	0.452
1095.046	0.456
1095.547	0.451
1096.045	0.474
1096.545	0.466
1097.045	0.465
1097.546	0.515
1098.045	0.532
1098.547	0.519
1099.046	0.544
1099.545	0.519
1100.045	0.540
1100.546	0.545
1101.047	0.531
1101.546	0.528
1102.046	0.536
1102.547	0.520
1103.045	0.511
1103.546	0.527
1104.045	0.515
1104.547	0.522
1105.047	0.483
1105.547	0.515
1106.046	0.504
1106.546	0.533
1107.047	0.555
1107.545	0.520
1108.045	0.584
1108.545	0.553
1109.046	0.576
1109.546	0.567
1110.046	0.587
1110.546	0.566
1111.047	0.587
1111.545	0.567
1112.046	0.581
1112.547	0.573
1113.046	0.584
1113.546	0.547
1114.046	0.575
1114.547	0.541
1115.047	0.581
1115.546	0.549
1116.047	0.566
1116.546	0.538
1117.046	0.550
1117.547	0.529
1118.047	0.544
1118.547	0.529
1119.047	0.553
1119.547	0.527
1120.047	0.540
1120.546	0.550
1121.046	0.545
1121.546	0.576
1122.047	0.566
1122.546	0.540
1123.048	0.573
1123.545	0.544
1124.047	0.566
1124.546	0.559
1125.047	0.505
1125.547	0.563
1126.046	0.559
1126.546	0.560
1127.046	0.569
1127.547	0.580
1128.046	0.571
1128.547	0.586
1129.046	0.615
1129.548	0.622
1130.046	0.604
1130.548	0.618
1131.048	0.626
1131.547	0.613
1132.048	0.631
1132.547	0.618
1133.046	0.626
1133.547	0.625
1134.047	0.627
1134.547	0.638
1135.048	0.624
1135.547	0.615
1136.046	0.629
1136.549	0.626
1137.047	0.629
1137.547	0.633
1138.048	0.620
1138.546	0.639
1139.048	0.620
1139.548	0.638
1140.047	0.616
1140.548	0.639
1141.047	0.620
1141.548	0.638
1142.047	0.622
1142.547	0.640
1143.048	0.630
1143.549	0.647
1144.047	0.625
1144.547	0.638
1145.048	0.634
1145.549	0.636
1146.048	0.604
1146.548	0.626
1147.047	0.617
1147.549	0.629
1148.047	0.622
1148.547	0.627
1149.047	0.567
1149.549	0.635
1150.048	0.595
1150.547	0.611
1151.048	0.577
1151.548	0.576
1152.048	0.575
1152.548	0.599
1153.048	0.604
1153.548	0.584
1154.048	0.604
1154.547	0.602
1155.048	0.602
1155.548	0.604
1156.046	0.600
1156.547	0.617
1157.047	0.587
1157.547	0.582
1158.048	0.591
1158.547	0.595
1159.047	0.667
1159.548	0.644
1160.048	0.664
1160.549	0.656
1161.048	0.662
1161.549	0.647
1162.048	0.647
1162.549	0.661
1163.048	0.639
1163.549	0.662
1164.048	0.642
1164.548	0.658
1165.049	0.653
1165.548	0.661
1166.048	0.648
1166.549	0.666
1167.049	0.652
1167.550	0.655
1168.048	0.665
1168.548	0.652
1169.048	0.649
1169.549	0.661
1170.048	0.648
1170.549	0.649
1171.048	0.658
1171.548	0.639
1172.047	0.652
1172.549	0.653
1173.047	0.629
1173.550	0.636
1174.049	0.670
1174.548	0.635
1175.049	0.618
1175.548	0.640
1176.049	0.644
1176.547	0.636
1177.051	0.621
1177.548	0.667
1178.049	0.634
1178.549	0.638
1179.049	0.642
1179.550	0.611
1180.050	0.615
1180.550	0.640
1181.050	0.613
1181.553	0.642
1182.049	0.638
1182.549	0.595
1183.050	0.635
1183.547	0.633
1184.050	0.599
1184.550	0.615
1185.049	0.624
1185.550	0.612
1186.049	0.624
1186.549	0.627
1187.047	0.613
1187.548	0.643
1188.049	0.627
1188.549	0.596
1189.048	0.620
1189.549	0.643
1190.050	0.624
1190.550	0.655
1191.049	0.630
1191.549	0.648
1192.049	0.662
1192.549	0.642
1193.049	0.648
1193.549	0.640
1194.049	0.620
1194.548	0.655
1195.049	0.665
1195.548	0.612
1196.049	0.666
1196.549	0.669
1197.049	0.625
1197.549	0.644
1198.049	0.631
1198.549	0.643
1199.049	0.644
1199.549	0.624
1200.049	0.657
1200.550	0.651
1201.049	0.629
1201.550	0.643
1202.050	0.705
1202.550	0.679
1203.049	0.687
1203.549	0.707
1204.050	0.700
1204.549	0.684
1205.050	0.696
1205.551	0.669
1206.050	0.687
1206.550	0.679
1207.049	0.682
1207.549	0.666
1208.051	0.666
1208.552	0.655
1209.050	0.645
1209.550	0.638
1210.050	0.657
1210.550	0.636
1211.050	0.661
1211.549	0.652
1212.051	0.665
1212.549	0.669
1213.051	0.715
1213.549	0.706
1214.049	0.691
1214.550	0.715
1215.050	0.706
1215.550	0.691
1216.050	0.715
1216.550	0.685
1217.050	0.679
1217.550	0.683
1218.049	0.667
1218.551	0.705
1219.051	0.683
1219.551	0.693
1220.051	0.658
1220.550	0.657
1221.050	0.669
1221.551	0.673
1222.051	0.664
1222.550	0.661
1223.051	0.658
1223.550	0.653
1224.050	0.673
1224.551	0.656
1225.050	0.678
1225.550	0.678
1226.050	0.645
1226.551	0.698
1227.052	0.661
1227.550	0.689
1228.050	0.675
1228.550	0.655
1229.050	0.667
1229.550	0.698
1230.050	0.669
1230.550	0.679
1231.050	0.706
1231.551	0.662
1232.050	0.693
1232.550	0.656
1233.052	0.666
1233.550	0.664
1234.051	0.688
1234.551	0.676
1235.052	0.657
1235.551	0.687
1236.051	0.662
1236.550	0.667
1237.050	0.670
1237.551	0.678
1238.050	0.728
1238.551	0.702
1239.052	0.718
1239.551	0.706
1240.052	0.738
1240.550	0.731
1241.052	0.729
1241.550	0.747
1242.051	0.696
1242.551	0.737
1243.050	0.701
1243.551	0.679
1244.050	0.706
1244.550	0.727
1245.052	0.737
1245.552	0.750
1246.052	0.722
1246.552	0.764
1247.052	0.749
1247.552	0.772
1248.051	0.752
1248.550	0.711
1249.051	0.696
1249.552	0.698
1250.050	0.694
1250.552	0.703
1251.052	0.714
1251.551	0.737
1252.051	0.749
1252.551	0.737
1253.052	0.750
1253.551	0.760
1254.052	0.756
1254.552	0.758
1255.051	0.755
1255.551	0.760
1256.050	0.720
1256.553	0.741
1257.051	0.688
1257.552	0.715
1258.053	0.714
1258.551	0.711
1259.052	0.727
1259.551	0.745
1260.052	0.750
1260.550	0.756
1261.052	0.758
1261.553	0.781
1262.051	0.777
1262.552	0.791
1263.052	0.777
1263.551	0.786
1264.051	0.706
1264.553	0.719
1265.052	0.740
1265.552	0.727
1266.052	0.743
1266.553	0.742
1267.052	0.773
1267.552	0.767
1268.052	0.777
1268.551	0.778
1269.051	0.777
1269.553	0.818
1270.051	0.799
1270.552	0.821
1271.052	0.803
1271.552	0.787
1272.051	0.747
1272.552	0.755
1273.053	0.780
1273.552	0.759
1274.053	0.771
1274.551	0.803
1275.052	0.799
1275.553	0.803
1276.052	0.814
1276.552	0.817
1277.052	0.840
1277.552	0.822
1278.052	0.847
1278.552	0.869
1279.052	0.861
1279.552	0.883
1280.051	0.876
1280.552	0.874
1281.053	0.889
1281.552	0.801
1282.052	0.844
1282.552	0.850
1283.052	0.862
1283.552	0.835
1284.051	0.856
1284.552	0.867
1285.051	0.845
1285.554	0.865
1286.053	0.847
1286.551	0.874
1287.051	0.870
1287.552	0.880
1288.052	0.910
1288.552	0.831
1289.052	0.930
1289.551	0.887
1290.053	0.930
1290.552	0.907
1291.052	0.934
1291.552	0.946
1292.054	0.943
1292.552	0.958
1293.054	0.923
1293.552	0.974
1294.052	0.942
1294.554	0.923
1295.053	0.889
1295.552	0.939
1296.052	0.920
1296.554	0.970
1297.052	0.969
1297.554	0.969
1298.054	0.976
1298.552	1.000
1299.054	0.973
1299.552	1.000
1300.053	0.964
1300.552	0.999
1301.054	0.994
1301.554	1.025
1302.054	1.009
1302.553	1.014
1303.053	1.003
1303.553	1.030
1304.053	1.008
1304.552	1.031
1305.055	1.014
1305.553	1.039
1306.052	1.019
1306.552	1.057
1307.054	1.039
1307.553	1.052
1308.054	1.025
1308.553	1.054
1309.052	1.036
1309.553	1.021
1310.053	0.987
1310.552	0.997
1311.054	0.981
1311.554	1.009
1312.053	1.037
1312.555	0.996
1313.054	1.001
1313.554	0.990
1314.055	1.009
1314.555	1.005
1315.052	0.990
1315.554	1.016
1316.055	0.996
1316.554	1.028
1317.054	0.996
1317.554	1.030
1318.054	1.005
1318.554	1.023
1319.053	1.003
1319.554	1.034
1320.053	1.030
1320.552	1.016
1321.054	1.054
1321.554	1.034
1322.054	1.017
1322.553	1.041
1323.053	0.990
1323.554	1.006
1324.053	1.022
1324.553	1.028
1325.053	0.943
1325.553	1.014
1326.055	1.057
1326.555	1.023
1327.055	1.027
1327.554	1.043
1328.053	1.028
1328.554	1.031
1329.054	1.034
1329.553	1.040
1330.055	1.036
1330.555	1.034
1331.054	1.045
1331.554	1.026
1332.053	1.036
1332.555	1.032
1333.054	1.055
1333.553	1.041
1334.055	1.036
1334.555	1.032
1335.054	1.026
1335.553	1.044
1336.055	1.040
1336.555	1.040
1337.054	1.062
1337.554	1.037
1338.055	1.049
1338.554	1.032
1339.055	1.036
1339.556	1.037
1340.054	1.053
1340.555	1.040
1341.054	1.059
1341.555	1.050
1342.055	1.055
1342.555	1.080
1343.053	1.063
1343.554	1.077
1344.053	1.058
1344.554	1.088
1345.054	1.036
1345.556	1.068
1346.055	1.039
1346.553	1.083
1347.055	1.077
1347.555	1.084
1348.054	1.068
1348.554	1.070
1349.054	1.050
1349.555	1.075
1350.054	1.072
1350.555	1.049
1351.055	1.067
1351.556	1.093
1352.054	1.102
1352.557	1.081
1353.054	1.048
1353.554	1.107
1354.055	1.111
1354.555	1.089
1355.055	1.103
1355.555	1.125
1356.056	1.116
1356.555	1.119
1357.055	1.124
1357.556	1.120
1358.055	1.116
1358.556	1.141
1359.056	1.123
1359.555	1.128
1360.056	1.147
1360.555	1.125
1361.055	1.125
1361.555	1.103
1362.054	1.089
1362.554	1.085
1363.056	1.071
1363.556	1.084
1364.055	1.110
1364.554	1.075
1365.056	1.071
1365.556	1.097
1366.056	1.101
1366.555	1.071
1367.055	1.059
1367.556	1.081
1368.056	1.089
1368.556	1.093
1369.057	1.084
1369.555	1.108
1370.056	1.079
1370.555	1.098
1371.056	1.084
1371.556	1.080
1372.056	1.068
1372.555	1.086
1373.056	1.048
1373.555	1.095
1374.055	1.092
1374.557	1.081
1375.056	1.055
1375.556	1.088
1376.057	1.086
1376.556	1.110
1377.056	1.081
1377.556	1.065
1378.055	1.086
1378.556	1.083
1379.056	1.103
1379.556	1.095
1380.055	1.103
1380.556	1.102
1381.057	1.099
1381.557	1.094
1382.056	1.110
1382.556	1.111
1383.056	1.098
1383.554	1.128
1384.056	1.090
1384.556	1.106
1385.056	1.089
1385.555	1.097
1386.056	1.050
1386.557	1.106
1387.056	1.099
1387.557	1.079
1388.056	1.099
1388.557	1.112
1389.055	1.098
1389.556	1.086
1390.056	1.104
1390.556	1.074
1391.056	1.098
1391.556	1.093
1392.056	1.126
1392.556	1.121
1393.056	1.112
1393.556	1.116
1394.057	1.126
1394.555	1.114
1395.055	1.153
1395.558	1.146
1396.057	1.133
1396.556	1.153
1397.058	1.153
1397.556	1.147
1398.058	1.166
1398.555	1.141
1399.056	1.172
1399.557	1.160
1400.056	1.081
1400.557	1.135
1401.056	1.119
1401.557	1.117
1402.056	1.099
1402.558	1.114
1403.058	1.102
1403.557	1.102
1404.057	1.119
1404.558	1.120
1405.057	1.119
1405.557	1.112
1406.058	1.152
1406.557	1.138
1407.056	1.130
1407.557	1.133
1408.057	1.125
1408.557	1.132
1409.057	1.152
1409.555	1.108
1410.057	1.121
1410.556	1.126
1411.058	1.166
1411.557	1.150
1412.056	1.150
1412.557	1.132
1413.058	1.146
1413.558	1.141
1414.057	1.151
1414.557	1.123
1415.059	1.134
1415.557	1.089
1416.058	1.116
1416.558	1.128
1417.058	1.106
1417.558	1.104
1418.058	1.134
1418.557	1.124
1419.057	1.151
1419.558	1.125
1420.058	1.134
1420.557	1.152
1421.057	1.183
1421.557	1.166
1422.058	1.168
1422.557	1.183
1423.056	1.186
1423.558	1.164
1424.056	1.174
1424.558	1.174
1425.057	1.135
1425.558	1.137
1426.059	1.114
1426.559	1.102
1427.057	1.124
1427.557	1.108
1428.058	1.121
1428.557	1.142
1429.057	1.153
1429.557	1.184
1430.059	1.173
1430.558	1.172
1431.059	1.190
1431.557	1.184
1432.059	1.165
1432.558	1.155
1433.060	1.128
1433.557	1.130
1434.058	1.116
1434.558	1.146
1435.059	1.137
1435.559	1.170
1436.057	1.182
1436.558	1.192
1437.058	1.187
1437.558	1.184
1438.057	1.115
1438.557	1.177
1439.059	1.152
1439.558	1.157
1440.058	1.147
1440.557	1.146
1441.059	1.107
1441.558	1.142
1442.058	1.170
1442.557	1.191
1443.058	1.187
1443.559	1.199
1444.057	1.193
1444.558	1.183
1445.058	1.178
1445.559	1.181
1446.060	1.168
1446.557	1.175
1447.059	1.175
1447.559	1.173
1448.057	1.172
1448.560	1.190
1449.060	1.165
1449.558	1.159
1450.058	1.155
1450.559	1.143
1451.059	1.134
1451.558	1.168
1452.058	1.129
1452.557	1.150
1453.058	1.159
1453.559	1.142
1454.060	1.142
1454.560	1.153
1455.059	1.130
1455.558	1.146
1456.058	1.141
1456.558	1.108
1457.057	1.155
1457.559	1.160
1458.059	1.146
1458.559	1.170
1459.059	1.165
1459.559	1.178
1460.059	1.168
1460.559	1.159
1461.058	1.169
1461.559	1.177
1462.058	1.177
1462.560	1.193
1463.060	1.197
1463.560	1.202
1464.057	1.187
1464.559	1.204
1465.058	1.209
1465.558	1.157
1466.059	1.130
1466.560	1.137
1467.058	1.168
1467.560	1.129
1468.059	1.129
1468.558	1.166
1469.059	1.200
1469.559	1.177
1470.059	1.175
1470.560	1.197
1471.060	1.195
1471.559	1.179
1472.060	1.196
1472.558	1.215
1473.058	1.197
1473.558	1.150
1474.060	1.137
1474.559	1.164
1475.060	1.160
1475.559	1.150
1476.060	1.134
1476.560	1.157
1477.060	1.148
1477.559	1.168
1478.059	1.178
1478.560	1.183
1479.061	1.071
1479.560	1.191
1480.060	1.184
1480.558	1.181
1481.060	1.197
1481.558	1.196
1482.060	1.205
1482.560	1.193
1483.060	1.197
1483.560	1.192
1484.060	1.201
1484.560	1.193
1485.061	1.217
1485.560	1.217
1486.060	1.209
1486.560	1.193
1487.061	1.201
1487.560	1.205
1488.059	1.222
1488.560	1.205
1489.061	1.213
1489.560	1.221
1490.061	1.202
1490.560	1.190
1491.060	1.190
1491.560	1.196
1492.059	1.193
1492.560	1.184
1493.060	1.186
1493.561	1.196
1494.060	1.209
1494.560	1.218
1495.060	1.210
1495.559	1.164
1496.060	1.181
1496.560	1.177
1497.060	1.181
1497.560	1.196
1498.060	1.199
1498.560	1.170
1499.060	1.182
1499.560	1.191
1500.060	1.197
1500.560	1.195
1501.060	1.221
1501.560	1.218
1502.061	1.206
1502.560	1.208
1503.061	1.223
1503.560	1.228
1504.059	1.186
1504.560	1.166
1505.060	1.164
1505.562	1.179
1506.062	1.160
1506.560	1.182
1507.060	1.115
1507.560	1.195
1508.060	1.215
1508.560	1.210
1509.060	1.218
1509.561	1.215
1510.062	1.212
1510.561	1.165
1511.060	1.172
1511.561	1.168
1512.060	1.161
1512.562	1.146
1513.061	1.172
1513.560	1.169
1514.061	1.184
1514.561	1.210
1515.060	1.213
1515.561	1.222
1516.061	1.223
1516.560	1.208
1517.061	1.214
1517.560	1.212
1518.061	1.215
1518.560	1.222
1519.060	1.226
1519.561	1.232
1520.061	1.236
1520.562	1.233
1521.061	1.241
1521.560	1.226
1522.061	1.231
1522.560	1.222
1523.062	1.231
1523.560	1.235
1524.062	1.186
1524.561	1.199
1525.062	1.164
1525.560	1.174
1526.062	1.202
1526.561	1.201
1527.060	1.170
1527.562	1.214
1528.062	1.172
1528.562	1.188
1529.062	1.196
1529.562	1.186
1530.062	1.196
1530.561	1.195
1531.060	1.193
1531.562	1.195
1532.061	1.173
1532.562	1.164
1533.061	1.164
1533.562	1.168
1534.062	1.169
1534.561	1.179
1535.063	1.173
1535.561	1.169
1536.061	1.182
1536.560	1.181
1537.061	1.165
1537.561	1.182
1538.061	1.152
1538.561	1.169
1539.062	1.184
1539.561	1.209
1540.062	1.188
1540.562	1.175
1541.063	1.178
1541.561	1.193
1542.060	1.195
1542.561	1.173
1543.060	1.196
1543.561	1.188
1544.062	1.187
1544.563	1.186
1545.061	1.196
1545.562	1.193
1546.062	1.186
1546.560	1.199
1547.061	1.182
1547.561	1.182
1548.062	1.163
1548.563	1.193
1549.062	1.173
1549.562	1.188
1550.062	1.169
1550.561	1.174
1551.062	1.208
1551.562	1.193
1552.062	1.199
1552.561	1.182
1553.063	1.191
1553.563	1.204
1554.062	1.206
1554.561	1.209
1555.061	1.236
1555.561	1.227
1556.062	1.241
1556.562	1.248
1557.063	1.224
1557.562	1.232
1558.062	1.236
1558.562	1.240
1559.061	1.232
1559.562	1.244
1560.062	1.242
1560.562	1.237
1561.063	1.248
1561.562	1.236
1562.062	1.196
1562.563	1.193
1563.064	1.156
1563.563	1.191
1564.062	1.210
1564.562	1.213
1565.062	1.197
1565.561	1.183
1566.062	1.206
1566.563	1.209
1567.062	1.204
1567.563	1.221
1568.064	1.205
1568.562	1.239
1569.062	1.224
1569.564	1.227
1570.062	1.246
1570.561	1.242
1571.062	1.258
1571.563	1.253
1572.062	1.258
1572.561	1.254
1573.062	1.258
1573.563	1.254
1574.062	1.241
1574.562	1.226
1575.064	1.231
1575.564	1.241
1576.063	1.215
1576.564	1.209
1577.063	1.191
1577.562	1.221
1578.062	1.215
1578.564	1.183
1579.062	1.186
1579.562	1.192
1580.061	1.191
1580.563	1.183
1581.063	1.177
1581.563	1.200
1582.062	1.217
1582.563	1.215
1583.064	1.219
1583.563	1.228
1584.064	1.213
1584.563	1.208
1585.064	1.196
1585.563	1.175
1586.062	1.236
1586.564	1.235
1587.063	1.237
1587.564	1.230
1588.064	1.235
1588.563	1.248
1589.064	1.246
1589.563	1.244
1590.064	1.236
1590.563	1.240
1591.063	1.241
1591.563	1.240
1592.063	1.251
1592.564	1.261
1593.064	1.266
1593.563	1.253
1594.064	1.255
1594.564	1.257
1595.064	1.212
1595.564	1.201
1596.065	1.199
1596.564	1.196
1597.064	1.205
1597.564	1.232
1598.064	1.175
1598.563	1.191
1599.064	1.201
1599.564	1.205
1600.064	1.201
1600.564	1.204
1601.064	1.186
1601.562	1.224
1602.065	1.193
1602.562	1.186
1603.063	1.231
1603.564	1.240
1604.063	1.209
1604.564	1.214
1605.063	1.217
1605.562	1.222
1606.064	1.237
1606.564	1.228
1607.064	1.204
1607.565	1.210
1608.065	1.218
1608.564	1.228
1609.065	1.193
1609.565	1.236
1610.065	1.231
1610.564	1.223
1611.064	1.223
1611.564	1.237
1612.064	1.208
1612.564	1.224
1613.064	1.227
1613.564	1.224
1614.064	1.254
1614.564	1.267
1615.062	1.264
1615.564	1.261
1616.064	1.276
1616.565	1.262
1617.065	1.264
1617.564	1.261
1618.063	1.262
1618.564	1.262
1619.064	1.254
1619.564	1.251
1620.064	1.254
1620.565	1.249
1621.065	1.248
1621.565	1.245
1622.064	1.249
1622.565	1.254
1623.065	1.268
1623.563	1.263
1624.065	1.273
1624.564	1.258
1625.065	1.253
1625.566	1.242
1626.064	1.246
1626.564	1.255
1627.064	1.255
1627.564	1.257
1628.064	1.268
1628.564	1.272
1629.066	1.273
1629.565	1.264
1630.064	1.232
1630.565	1.202
1631.064	1.218
1631.564	1.190
1632.066	1.215
1632.565	1.208
1633.066	1.195
1633.566	1.206
1634.065	1.197
1634.566	1.197
1635.065	1.213
1635.565	1.226
1636.065	1.212
1636.565	1.206
1637.064	1.209
1637.564	1.192
1638.066	1.200
1638.565	1.188
1639.065	1.199
1639.565	1.205
1640.064	1.204
1640.566	1.214
1641.065	1.223
1641.565	1.218
1642.065	1.222
1642.565	1.214
1643.065	1.224
1643.565	1.219
1644.064	1.212
1644.566	1.219
1645.066	1.206
1645.565	1.191
1646.065	1.227
1646.565	1.210
1647.065	1.195
1647.566	1.230
1648.065	1.213
1648.566	1.245
1649.065	1.270
1649.566	1.261
1650.065	1.259
1650.565	1.266
1651.067	1.266
1651.565	1.257
1652.065	1.264
1652.565	1.259
1653.065	1.272
1653.565	1.266
1654.066	1.264
1654.565	1.250
1655.066	1.259
1655.566	1.262
1656.065	1.263
1656.566	1.272
1657.066	1.277
1657.565	1.264
1658.066	1.275
1658.565	1.276
1659.066	1.268
1659.567	1.251
1660.064	1.257
1660.566	1.268
1661.065	1.248
